1 0.076171875 0.417724609375 0.01171875 0.01708984375
0 0.12060546875 0.425048828125 0.009765625 0.01708984375
13 0.0966796875 0.450927734375 0.009765625 0.01220703125
37 0.09619140625 0.469482421875 0.0087890625 0.01416015625
37 0.096435546875 0.48828125 0.00927734375 0.013671875
36 0.704833984375 0.4462890625 0.01318359375 0.0107421875
2 0.74658203125 0.44873046875 0.0107421875 0.01171875
0 0.870849609375 0.451171875 0.01025390625 0.0126953125
37 0.735595703125 0.461669921875 0.00830078125 0.01025390625
37 0.743896484375 0.462158203125 0.00830078125 0.00830078125
35 0.75244140625 0.4619140625 0.0068359375 0.0078125
