1 0.066650390625 0.3369140625 0.02685546875 0.0419921875
30 0.057373046875 0.42041015625 0.01416015625 0.021484375
28 0.07275390625 0.4228515625 0.0126953125 0.021484375
35 0.0869140625 0.42529296875 0.0146484375 0.021484375
26 0.111328125 0.429931640625 0.0126953125 0.01904296875
6 0.125244140625 0.43212890625 0.01220703125 0.01953125
0 0.136474609375 0.434326171875 0.01123046875 0.01806640625
8 0.099365234375 0.489990234375 0.00830078125 0.01513671875
36 0.85009765625 0.460693359375 0.0068359375 0.00927734375
1 0.864013671875 0.461181640625 0.00732421875 0.00830078125
