36 0.079345703125 0.478759765625 0.01611328125 0.02294921875
8 0.628173828125 0.431884765625 0.03759765625 0.02880859375
15 0.943603515625 0.41943359375 0.02001953125 0.0234375
13 0.859130859375 0.329345703125 0.02001953125 0.02099609375
10 0.88427734375 0.33349609375 0.0185546875 0.0205078125
14 0.85791015625 0.364501953125 0.01953125 0.02001953125
26 0.8837890625 0.368408203125 0.0185546875 0.02001953125
21 0.906005859375 0.371337890625 0.01708984375 0.02197265625
37 0.90673828125 0.33740234375 0.01953125 0.0185546875
31 0.5126953125 0.44970703125 0.009765625 0.009765625
35 0.523193359375 0.44873046875 0.00927734375 0.009765625
