27 0.426025390625 0.48828125 0.00830078125 0.0087890625
27 0.48095703125 0.48095703125 0.0087890625 0.0087890625
21 0.48046875 0.490234375 0.0087890625 0.0078125
27 0.53271484375 0.49169921875 0.0087890625 0.0087890625
27 0.58154296875 0.4912109375 0.0078125 0.009765625
27 0.63427734375 0.482177734375 0.009765625 0.00830078125
21 0.634033203125 0.4912109375 0.00927734375 0.0087890625
27 0.68310546875 0.4921875 0.0068359375 0.009765625
27 0.7294921875 0.48388671875 0.0087890625 0.0087890625
21 0.7294921875 0.491943359375 0.0068359375 0.00732421875
