13 0.36328125 0.377197265625 0.0185546875 0.01806640625
15 0.386962890625 0.375 0.02001953125 0.0185546875
13 0.43212890625 0.374755859375 0.0185546875 0.01806640625
23 0.364501953125 0.3994140625 0.01904296875 0.017578125
3 0.3876953125 0.398193359375 0.01953125 0.01904296875
5 0.455810546875 0.39501953125 0.02001953125 0.01953125
31 0.49951171875 0.394287109375 0.01953125 0.01904296875
4 0.523681640625 0.3935546875 0.02001953125 0.01953125
31 0.561767578125 0.39306640625 0.01904296875 0.0185546875
4 0.58642578125 0.393310546875 0.0205078125 0.01904296875
36 0.631591796875 0.39306640625 0.02001953125 0.0205078125
