13 0.282470703125 0.19970703125 0.05322265625 0.0458984375
15 0.347900390625 0.191162109375 0.05517578125 0.04541015625
13 0.46923828125 0.184326171875 0.0576171875 0.04541015625
23 0.2841796875 0.253173828125 0.052734375 0.05029296875
3 0.3486328125 0.24658203125 0.0556640625 0.0498046875
5 0.5390625 0.23974609375 0.05859375 0.0517578125
5 0.71533203125 0.251220703125 0.052734375 0.05126953125
31 0.820556640625 0.265625 0.04736328125 0.0478515625
4 0.8720703125 0.2744140625 0.041015625 0.0458984375
36 0.958251953125 0.297119140625 0.03369140625 0.04345703125
