24 0.23583984375 0.48095703125 0.013671875 0.015625
27 0.31884765625 0.47607421875 0.0224609375 0.0244140625
27 0.455078125 0.460205078125 0.0205078125 0.02001953125
27 0.573486328125 0.484130859375 0.02099609375 0.02099609375
27 0.682861328125 0.483154296875 0.01806640625 0.02001953125
27 0.791259765625 0.46533203125 0.01806640625 0.0185546875
27 0.88134765625 0.487548828125 0.0166015625 0.01806640625
21 0.455078125 0.481201171875 0.0224609375 0.02001953125
21 0.7919921875 0.484619140625 0.0185546875 0.01806640625
21 0.95947265625 0.488525390625 0.0146484375 0.01416015625
27 0.959228515625 0.47119140625 0.01416015625 0.015625
