36 0.888671875 0.53759765625 0.01171875 0.0205078125
8 0.912353515625 0.536865234375 0.00830078125 0.02099609375
8 0.599365234375 0.512451171875 0.00927734375 0.01025390625
6 0.37158203125 0.49560546875 0.009765625 0.009765625
36 0.427734375 0.4697265625 0.0078125 0.0087890625
8 0.427490234375 0.47998046875 0.00732421875 0.0068359375
37 0.486083984375 0.47607421875 0.00732421875 0.0078125
35 0.219482421875 0.46826171875 0.00830078125 0.009765625
25 0.21875 0.476318359375 0.0078125 0.00830078125
35 0.231201171875 0.45556640625 0.00537109375 0.0048828125
35 0.251953125 0.456787109375 0.0048828125 0.00439453125
