36 0.3330078125 0.436279296875 0.013671875 0.01513671875
2 0.400634765625 0.434814453125 0.01416015625 0.01513671875
1 0.58544921875 0.44775390625 0.0126953125 0.01171875
0 0.629150390625 0.44775390625 0.01220703125 0.013671875
13 0.6005859375 0.470703125 0.009765625 0.009765625
37 0.60009765625 0.4853515625 0.009765625 0.0107421875
37 0.60009765625 0.498291015625 0.0107421875 0.00927734375
29 0.5458984375 0.459228515625 0.0087890625 0.00927734375
9 0.55712890625 0.458251953125 0.009765625 0.01025390625
35 0.56787109375 0.458740234375 0.0087890625 0.01025390625
