25 0.94189453125 0.496826171875 0.009765625 0.02392578125
26 0.0380859375 0.380126953125 0.015625 0.01611328125
29 0.0361328125 0.446044921875 0.0166015625 0.01611328125
31 0.063720703125 0.495361328125 0.01611328125 0.01611328125
37 0.52001953125 0.441162109375 0.0205078125 0.03173828125
37 0.550537109375 0.44580078125 0.01806640625 0.02734375
37 0.57763671875 0.449462890625 0.0185546875 0.02685546875
37 0.4833984375 0.474609375 0.021484375 0.0322265625
37 0.517578125 0.477294921875 0.01953125 0.02783203125
37 0.548095703125 0.47900390625 0.02001953125 0.029296875
37 0.5751953125 0.482421875 0.0166015625 0.0283203125
10 0.4814453125 0.511962890625 0.0234375 0.03271484375
17 0.513671875 0.514404296875 0.021484375 0.02978515625
37 0.545166015625 0.51416015625 0.01904296875 0.0283203125
