13 0.820556640625 0.385009765625 0.01513671875 0.01611328125
15 0.8369140625 0.38671875 0.013671875 0.015625
13 0.8642578125 0.3896484375 0.013671875 0.015625
23 0.82080078125 0.40283203125 0.0146484375 0.015625
3 0.8369140625 0.404541015625 0.013671875 0.01513671875
5 0.87841796875 0.40771484375 0.013671875 0.0146484375
5 0.914794921875 0.41162109375 0.01123046875 0.013671875
31 0.938232421875 0.413818359375 0.01123046875 0.01416015625
4 0.949951171875 0.415283203125 0.01123046875 0.01416015625
36 0.97607421875 0.41845703125 0.0107421875 0.0126953125
