36 0.381591796875 0.45263671875 0.01318359375 0.013671875
2 0.435791015625 0.454345703125 0.01220703125 0.01416015625
1 0.59228515625 0.450439453125 0.0146484375 0.01513671875
0 0.641845703125 0.4501953125 0.01318359375 0.0146484375
13 0.609130859375 0.47802734375 0.01025390625 0.0107421875
37 0.60986328125 0.493408203125 0.01171875 0.01025390625
37 0.609619140625 0.509033203125 0.01123046875 0.01123046875
31 0.552978515625 0.46435546875 0.01123046875 0.01171875
9 0.565185546875 0.464599609375 0.01025390625 0.01025390625
35 0.576416015625 0.46484375 0.01025390625 0.0107421875
