13 0.73681640625 0.396240234375 0.0126953125 0.01318359375
15 0.751953125 0.397705078125 0.0126953125 0.01318359375
13 0.777587890625 0.399658203125 0.01220703125 0.01318359375
23 0.736572265625 0.411865234375 0.01318359375 0.01318359375
3 0.75146484375 0.4130859375 0.0126953125 0.013671875
5 0.791259765625 0.415771484375 0.01123046875 0.01318359375
5 0.826171875 0.417724609375 0.0107421875 0.01220703125
31 0.84814453125 0.419921875 0.01171875 0.0126953125
4 0.860595703125 0.4208984375 0.01025390625 0.0126953125
36 0.885498046875 0.423095703125 0.01025390625 0.01220703125
