36 0.1962890625 0.392822265625 0.0234375 0.02490234375
2 0.30908203125 0.384765625 0.0263671875 0.0263671875
1 0.6318359375 0.41552734375 0.01953125 0.0224609375
0 0.699951171875 0.4169921875 0.02099609375 0.021484375
13 0.6552734375 0.452880859375 0.015625 0.01513671875
37 0.654052734375 0.475341796875 0.01513671875 0.01708984375
37 0.653564453125 0.497314453125 0.01513671875 0.01416015625
29 0.560791015625 0.441162109375 0.01318359375 0.01416015625
9 0.575927734375 0.440185546875 0.01318359375 0.01318359375
35 0.590087890625 0.440185546875 0.01220703125 0.01416015625
