24 0.640869140625 0.480712890625 0.00830078125 0.00927734375
21 0.710693359375 0.480712890625 0.01123046875 0.01025390625
27 0.755859375 0.473876953125 0.0087890625 0.00927734375
27 0.807861328125 0.4873046875 0.00927734375 0.009765625
27 0.854248046875 0.488037109375 0.01025390625 0.00927734375
27 0.900146484375 0.47998046875 0.00732421875 0.0078125
27 0.940673828125 0.490966796875 0.00830078125 0.00927734375
21 0.75537109375 0.484619140625 0.009765625 0.00927734375
21 0.977294921875 0.49169921875 0.00732421875 0.0068359375
27 0.97802734375 0.4833984375 0.0068359375 0.0068359375
21 0.89990234375 0.489013671875 0.0078125 0.00732421875
