13 0.414794921875 0.3583984375 0.02392578125 0.0234375
15 0.44287109375 0.358154296875 0.0234375 0.02490234375
13 0.492919921875 0.35791015625 0.02490234375 0.0234375
23 0.41552734375 0.3857421875 0.0234375 0.0244140625
3 0.443115234375 0.385009765625 0.02392578125 0.02392578125
5 0.520751953125 0.38427734375 0.02490234375 0.0244140625
5 0.59521484375 0.384521484375 0.0244140625 0.02392578125
31 0.644775390625 0.38525390625 0.02392578125 0.0244140625
4 0.67138671875 0.385986328125 0.0234375 0.02392578125
36 0.729736328125 0.38916015625 0.02099609375 0.0224609375
