13 0.271484375 0.30029296875 0.0341796875 0.033203125
15 0.310791015625 0.2958984375 0.03369140625 0.0322265625
13 0.3837890625 0.289794921875 0.0361328125 0.03271484375
23 0.271240234375 0.337646484375 0.03271484375 0.03271484375
3 0.31103515625 0.333740234375 0.03515625 0.03271484375
5 0.427001953125 0.326171875 0.03662109375 0.03515625
5 0.54296875 0.32275390625 0.037109375 0.0341796875
31 0.61669921875 0.32421875 0.0361328125 0.03515625
4 0.6591796875 0.325439453125 0.03515625 0.03271484375
36 0.7451171875 0.330078125 0.0322265625 0.0341796875
