24 0.62158203125 0.48388671875 0.0078125 0.0068359375
27 0.680419921875 0.4833984375 0.00830078125 0.0087890625
27 0.721923828125 0.47705078125 0.00830078125 0.0087890625
27 0.769287109375 0.48828125 0.00830078125 0.0087890625
27 0.810791015625 0.4892578125 0.00830078125 0.0087890625
27 0.853759765625 0.481689453125 0.00830078125 0.00732421875
27 0.89208984375 0.4921875 0.005859375 0.0068359375
27 0.927490234375 0.48486328125 0.00732421875 0.0078125
21 0.7216796875 0.48681640625 0.0078125 0.0068359375
21 0.853515625 0.49072265625 0.0068359375 0.0068359375
