36 0.283935546875 0.411376953125 0.02001953125 0.02197265625
2 0.37255859375 0.408935546875 0.0244140625 0.02587890625
1 0.645751953125 0.398193359375 0.02685546875 0.02587890625
0 0.728515625 0.4013671875 0.0224609375 0.025390625
13 0.67431640625 0.4453125 0.0166015625 0.01953125
37 0.675537109375 0.47265625 0.01904296875 0.017578125
37 0.67529296875 0.4990234375 0.0205078125 0.01953125
31 0.56591796875 0.433837890625 0.0166015625 0.01611328125
9 0.583740234375 0.43359375 0.01611328125 0.0146484375
35 0.6015625 0.43408203125 0.015625 0.0166015625
