13 0.44970703125 0.45556640625 0.009765625 0.0107421875
15 0.462890625 0.455078125 0.0107421875 0.0107421875
23 0.449462890625 0.46630859375 0.00927734375 0.01171875
5 0.494873046875 0.466552734375 0.00927734375 0.01123046875
5 0.5263671875 0.466064453125 0.009765625 0.01025390625
31 0.54541015625 0.465576171875 0.0107421875 0.01123046875
4 0.558837890625 0.465576171875 0.01025390625 0.01220703125
36 0.583740234375 0.46484375 0.01025390625 0.0107421875
3 0.463623046875 0.466064453125 0.01025390625 0.01025390625
13 0.481201171875 0.454833984375 0.01025390625 0.01025390625
