13 0.4130859375 0.411376953125 0.0126953125 0.01220703125
15 0.429443359375 0.410400390625 0.01318359375 0.01220703125
13 0.459228515625 0.4111328125 0.01318359375 0.0126953125
23 0.41357421875 0.42724609375 0.0126953125 0.0126953125
3 0.429443359375 0.426513671875 0.01318359375 0.01318359375
5 0.475341796875 0.424560546875 0.01318359375 0.01318359375
31 0.504638671875 0.424072265625 0.01318359375 0.01318359375
4 0.520263671875 0.424072265625 0.01318359375 0.01318359375
31 0.5458984375 0.42333984375 0.013671875 0.0126953125
4 0.562255859375 0.423095703125 0.01318359375 0.01318359375
36 0.592529296875 0.42236328125 0.01416015625 0.013671875
