36 0.562255859375 0.4609375 0.00830078125 0.0087890625
4 0.542236328125 0.461181640625 0.00830078125 0.00830078125
31 0.53125 0.460693359375 0.0087890625 0.00830078125
5 0.51708984375 0.461181640625 0.0078125 0.00830078125
5 0.49072265625 0.461669921875 0.0087890625 0.00927734375
13 0.47998046875 0.452880859375 0.0078125 0.00830078125
3 0.4658203125 0.462158203125 0.0078125 0.00927734375
23 0.455078125 0.46240234375 0.0087890625 0.0087890625
13 0.454833984375 0.453125 0.00830078125 0.0087890625
15 0.464599609375 0.452880859375 0.00732421875 0.00732421875
