36 0.34521484375 0.43212890625 0.015625 0.015625
2 0.413330078125 0.43505859375 0.01806640625 0.017578125
1 0.614501953125 0.431884765625 0.01708984375 0.01806640625
0 0.67529296875 0.433349609375 0.0185546875 0.01904296875
13 0.6337890625 0.46630859375 0.013671875 0.013671875
37 0.634765625 0.486328125 0.013671875 0.0146484375
37 0.634765625 0.505859375 0.0126953125 0.0126953125
31 0.559326171875 0.45166015625 0.01220703125 0.013671875
9 0.573486328125 0.45166015625 0.01318359375 0.0126953125
35 0.587646484375 0.452880859375 0.01318359375 0.01318359375
