13 0.60400390625 0.402099609375 0.0107421875 0.01025390625
15 0.617919921875 0.40234375 0.01123046875 0.0107421875
13 0.643310546875 0.404296875 0.01025390625 0.009765625
23 0.604248046875 0.41552734375 0.01123046875 0.0107421875
3 0.61767578125 0.415771484375 0.0107421875 0.01123046875
5 0.65673828125 0.417236328125 0.0107421875 0.01025390625
31 0.679931640625 0.41845703125 0.01025390625 0.0107421875
4 0.69287109375 0.418701171875 0.0107421875 0.01025390625
31 0.71240234375 0.419677734375 0.0107421875 0.01025390625
4 0.725830078125 0.420654296875 0.01025390625 0.01025390625
36 0.7490234375 0.421875 0.009765625 0.0107421875
