13 0.73095703125 0.32568359375 0.0224609375 0.0224609375
15 0.75927734375 0.328125 0.0224609375 0.0234375
13 0.81005859375 0.336669921875 0.01953125 0.02294921875
23 0.73095703125 0.354736328125 0.0234375 0.02294921875
3 0.75927734375 0.3564453125 0.0224609375 0.0234375
5 0.83447265625 0.36474609375 0.0205078125 0.0224609375
31 0.876953125 0.369873046875 0.017578125 0.02099609375
4 0.8984375 0.372314453125 0.017578125 0.02099609375
31 0.931640625 0.376953125 0.017578125 0.0205078125
4 0.951416015625 0.380126953125 0.01513671875 0.01904296875
36 0.98583984375 0.38525390625 0.015625 0.01953125
