29 0.950439453125 0.41015625 0.01025390625 0.013671875
26 0.960693359375 0.41162109375 0.00927734375 0.0126953125
37 0.970458984375 0.41357421875 0.01025390625 0.0126953125
35 0.980224609375 0.414306640625 0.00927734375 0.01318359375
30 0.229736328125 0.095458984375 0.05126953125 0.08447265625
28 0.277587890625 0.138916015625 0.04248046875 0.07666015625
35 0.31494140625 0.17529296875 0.029296875 0.0712890625
26 0.36181640625 0.22607421875 0.0224609375 0.0615234375
6 0.381103515625 0.249267578125 0.01611328125 0.05615234375
0 0.400146484375 0.2666015625 0.01611328125 0.0517578125
