36 0.346923828125 0.454345703125 0.01025390625 0.01220703125
2 0.417724609375 0.4541015625 0.01220703125 0.013671875
1 0.576904296875 0.453369140625 0.01123046875 0.01318359375
0 0.6328125 0.453857421875 0.0126953125 0.01416015625
13 0.603515625 0.4755859375 0.0107421875 0.01171875
37 0.603759765625 0.489501953125 0.00927734375 0.01025390625
37 0.603759765625 0.503662109375 0.01025390625 0.01025390625
31 0.544677734375 0.47314453125 0.00732421875 0.0087890625
9 0.552734375 0.472900390625 0.0078125 0.00830078125
35 0.56103515625 0.47265625 0.0078125 0.0078125
