36 0.16455078125 0.374267578125 0.0263671875 0.03466796875
2 0.290771484375 0.36279296875 0.03662109375 0.037109375
1 0.7255859375 0.339599609375 0.037109375 0.03759765625
0 0.843505859375 0.349365234375 0.03369140625 0.03564453125
13 0.768798828125 0.4130859375 0.02783203125 0.0302734375
37 0.769775390625 0.454833984375 0.02978515625 0.02978515625
37 0.771484375 0.4970703125 0.0283203125 0.029296875
31 0.58251953125 0.412109375 0.0205078125 0.0205078125
9 0.605712890625 0.411376953125 0.02001953125 0.02099609375
35 0.627197265625 0.4111328125 0.02099609375 0.021484375
