24 0.28955078125 0.483642578125 0.0107421875 0.01220703125
27 0.360595703125 0.480712890625 0.01708984375 0.01806640625
27 0.461181640625 0.468017578125 0.01513671875 0.01513671875
27 0.551025390625 0.48681640625 0.01513671875 0.015625
27 0.63525390625 0.48681640625 0.013671875 0.0166015625
21 0.461181640625 0.484619140625 0.01611328125 0.01513671875
27 0.721435546875 0.4716796875 0.01416015625 0.013671875
27 0.79736328125 0.489501953125 0.01171875 0.01416015625
27 0.865478515625 0.4755859375 0.01318359375 0.0126953125
21 0.865478515625 0.489013671875 0.01318359375 0.01220703125
21 0.72119140625 0.486572265625 0.015625 0.01416015625
