13 0.090576171875 0.313720703125 0.01904296875 0.02880859375
15 0.11181640625 0.321044921875 0.0166015625 0.02783203125
13 0.144287109375 0.333740234375 0.01416015625 0.02490234375
23 0.08984375 0.34716796875 0.01953125 0.029296875
3 0.110107421875 0.353759765625 0.01513671875 0.02783203125
5 0.16064453125 0.368408203125 0.0146484375 0.02490234375
5 0.19775390625 0.380615234375 0.0126953125 0.02197265625
31 0.2177734375 0.387939453125 0.01171875 0.02197265625
4 0.22900390625 0.391357421875 0.0087890625 0.02001953125
36 0.24951171875 0.399169921875 0.0087890625 0.02001953125
