13 0.224853515625 0.282470703125 0.03271484375 0.03173828125
15 0.267333984375 0.275390625 0.03466796875 0.033203125
13 0.3505859375 0.269287109375 0.037109375 0.03369140625
23 0.226806640625 0.32177734375 0.03271484375 0.033203125
3 0.267822265625 0.31640625 0.03466796875 0.03515625
5 0.3984375 0.304443359375 0.0390625 0.03662109375
31 0.484130859375 0.300537109375 0.03955078125 0.03662109375
4 0.532470703125 0.2998046875 0.03955078125 0.0361328125
31 0.60791015625 0.299560546875 0.0390625 0.03564453125
4 0.6552734375 0.3017578125 0.0380859375 0.0341796875
36 0.739990234375 0.306396484375 0.03662109375 0.03662109375
