36 0.64404296875 0.43994140625 0.0126953125 0.01171875
2 0.70458984375 0.440185546875 0.01171875 0.01220703125
0 0.88671875 0.453369140625 0.009765625 0.01025390625
1 0.85400390625 0.450927734375 0.0087890625 0.01123046875
13 0.86669921875 0.473876953125 0.0068359375 0.00927734375
37 0.866455078125 0.4853515625 0.00732421875 0.0087890625
37 0.866455078125 0.498046875 0.00732421875 0.0087890625
31 0.7470703125 0.4599609375 0.0087890625 0.0087890625
9 0.75634765625 0.460205078125 0.0068359375 0.00830078125
35 0.76513671875 0.460693359375 0.0068359375 0.00927734375
