36 0.280029296875 0.419921875 0.01708984375 0.017578125
2 0.365234375 0.415283203125 0.01953125 0.01806640625
1 0.602294921875 0.43505859375 0.01416015625 0.015625
0 0.655517578125 0.434814453125 0.01416015625 0.01708984375
13 0.619873046875 0.463623046875 0.01220703125 0.01123046875
37 0.61962890625 0.47998046875 0.009765625 0.0107421875
37 0.619384765625 0.49755859375 0.01123046875 0.0126953125
29 0.550537109375 0.45068359375 0.01025390625 0.01171875
9 0.563232421875 0.44970703125 0.01123046875 0.0126953125
35 0.574951171875 0.450439453125 0.01025390625 0.01123046875
