6 0.685302734375 0.492431640625 0.02294921875 0.02392578125
40 0.787353515625 0.498779296875 0.01513671875 0.01416015625
36 0.8037109375 0.432861328125 0.015625 0.01611328125
8 0.8046875 0.45263671875 0.015625 0.015625
17 0.9326171875 0.437255859375 0.013671875 0.01416015625
6 0.848388671875 0.487060546875 0.00732421875 0.02001953125
35 0.4365234375 0.447998046875 0.0146484375 0.01513671875
25 0.4365234375 0.464111328125 0.015625 0.01513671875
36 0.53125 0.440185546875 0.005859375 0.00537109375
36 0.560546875 0.43994140625 0.005859375 0.005859375
