35 0.15673828125 0.462158203125 0.0087890625 0.00927734375
25 0.156005859375 0.470458984375 0.00830078125 0.00732421875
6 0.298583984375 0.490966796875 0.01025390625 0.01025390625
36 0.360595703125 0.465576171875 0.00732421875 0.00927734375
8 0.36083984375 0.475341796875 0.0078125 0.00830078125
37 0.416015625 0.47265625 0.005859375 0.0068359375
44 0.34130859375 0.4970703125 0.005859375 0.0068359375
44 0.3408203125 0.50537109375 0.0048828125 0.005859375
36 0.1806640625 0.450439453125 0.0048828125 0.00537109375
36 0.201171875 0.451171875 0.0048828125 0.0048828125
36 0.773193359375 0.5439453125 0.01513671875 0.0234375
8 0.804443359375 0.541748046875 0.01025390625 0.02001953125
