29 0.635986328125 0.402587890625 0.02490234375 0.02490234375
35 0.661865234375 0.402587890625 0.02490234375 0.02392578125
34 0.689697265625 0.432373046875 0.02294921875 0.02490234375
6 0.691162109375 0.45849609375 0.02392578125 0.0244140625
6 0.690673828125 0.484130859375 0.02490234375 0.02294921875
2 0.46728515625 0.480712890625 0.0068359375 0.00634765625
7 0.62841796875 0.49658203125 0.0087890625 0.0078125
36 0.43359375 0.48046875 0.005859375 0.0068359375
36 0.078857421875 0.390869140625 0.02685546875 0.03271484375
2 0.239013671875 0.375 0.03466796875 0.0380859375
