37 0.86181640625 0.47021484375 0.0166015625 0.021484375
0 0.490234375 0.4248046875 0.015625 0.015625
6 0.473388671875 0.42529296875 0.01416015625 0.017578125
26 0.456787109375 0.424072265625 0.01513671875 0.01416015625
30 0.39697265625 0.425048828125 0.0146484375 0.01416015625
28 0.41259765625 0.425048828125 0.0146484375 0.01513671875
35 0.428466796875 0.42529296875 0.01513671875 0.015625
36 0.1044921875 0.42333984375 0.013671875 0.015625
1 0.189208984375 0.41845703125 0.01513671875 0.017578125
8 0.44189453125 0.470703125 0.01171875 0.0126953125
