40 0.306884765625 0.505859375 0.00732421875 0.0078125
36 0.3349609375 0.4658203125 0.009765625 0.009765625
8 0.334716796875 0.47802734375 0.00927734375 0.009765625
37 0.40673828125 0.471923828125 0.0087890625 0.00927734375
6 0.35009765625 0.500732421875 0.005859375 0.01123046875
35 0.090576171875 0.4677734375 0.00927734375 0.009765625
25 0.091552734375 0.478271484375 0.01025390625 0.01025390625
6 0.2509765625 0.50048828125 0.0126953125 0.013671875
36 0.1474609375 0.456787109375 0.0048828125 0.00537109375
36 0.171142578125 0.456787109375 0.00439453125 0.00634765625
