8 0.779541015625 0.52197265625 0.01318359375 0.0126953125
37 0.584716796875 0.480224609375 0.00830078125 0.00927734375
36 0.500732421875 0.474853515625 0.01025390625 0.01025390625
8 0.500244140625 0.48876953125 0.00927734375 0.009765625
40 0.501220703125 0.516357421875 0.00830078125 0.00830078125
6 0.4404296875 0.5126953125 0.013671875 0.013671875
35 0.243896484375 0.48095703125 0.01123046875 0.01171875
25 0.244140625 0.4912109375 0.009765625 0.0107421875
36 0.257568359375 0.46923828125 0.00439453125 0.005859375
36 0.2822265625 0.470703125 0.0048828125 0.0048828125
