17 0.822265625 0.445068359375 0.0107421875 0.01123046875
6 0.754638671875 0.4833984375 0.00732421875 0.015625
36 0.7333984375 0.440185546875 0.0126953125 0.01318359375
8 0.7333984375 0.455078125 0.01171875 0.01171875
40 0.700927734375 0.490966796875 0.01123046875 0.01025390625
6 0.63134765625 0.485595703125 0.0146484375 0.01611328125
35 0.44921875 0.44970703125 0.01171875 0.0107421875
25 0.449462890625 0.462890625 0.01123046875 0.01171875
36 0.524658203125 0.439208984375 0.00537109375 0.00537109375
36 0.55078125 0.440185546875 0.00390625 0.00537109375
