13 0.38330078125 0.384765625 0.0185546875 0.0185546875
15 0.405517578125 0.3837890625 0.01904296875 0.0185546875
13 0.4453125 0.38232421875 0.01953125 0.0185546875
23 0.384033203125 0.406494140625 0.01904296875 0.01904296875
3 0.40576171875 0.4052734375 0.01953125 0.0185546875
5 0.46826171875 0.4033203125 0.01953125 0.01953125
5 0.528076171875 0.402099609375 0.01904296875 0.01904296875
31 0.56689453125 0.402099609375 0.01953125 0.01904296875
4 0.58935546875 0.402099609375 0.0205078125 0.01904296875
36 0.63720703125 0.402099609375 0.01953125 0.01806640625
