30 0.79931640625 0.445556640625 0.0107421875 0.01220703125
28 0.81201171875 0.446044921875 0.0107421875 0.01318359375
35 0.824951171875 0.446533203125 0.01123046875 0.01318359375
26 0.845703125 0.447265625 0.01171875 0.0126953125
6 0.857421875 0.447021484375 0.0107421875 0.01220703125
0 0.869384765625 0.44775390625 0.01123046875 0.0126953125
36 0.578857421875 0.453369140625 0.01025390625 0.01025390625
1 0.643798828125 0.452880859375 0.01025390625 0.01025390625
28 0.128173828125 0.455322265625 0.00732421875 0.00732421875
35 0.13623046875 0.4560546875 0.0068359375 0.0078125
6 0.07861328125 0.47265625 0.005859375 0.0068359375
6 0.078125 0.482177734375 0.005859375 0.00732421875
