24 0.3623046875 0.486572265625 0.0078125 0.00830078125
27 0.4150390625 0.485107421875 0.0107421875 0.01123046875
27 0.47998046875 0.47607421875 0.0107421875 0.009765625
27 0.540283203125 0.48876953125 0.01025390625 0.01171875
27 0.596923828125 0.487548828125 0.00927734375 0.01123046875
27 0.656982421875 0.4775390625 0.01123046875 0.0107421875
27 0.713134765625 0.48974609375 0.00732421875 0.0107421875
27 0.765625 0.47900390625 0.009765625 0.0087890625
21 0.765380859375 0.4892578125 0.01025390625 0.009765625
21 0.6572265625 0.488037109375 0.0107421875 0.00927734375
21 0.4794921875 0.487060546875 0.01171875 0.01025390625
