13 0.4228515625 0.41650390625 0.013671875 0.01171875
15 0.43798828125 0.416015625 0.0126953125 0.013671875
13 0.4638671875 0.415283203125 0.013671875 0.01318359375
23 0.4228515625 0.43115234375 0.0126953125 0.013671875
3 0.4384765625 0.43115234375 0.013671875 0.013671875
5 0.47998046875 0.43017578125 0.013671875 0.0126953125
5 0.520751953125 0.42919921875 0.01318359375 0.0126953125
31 0.546630859375 0.42919921875 0.01220703125 0.013671875
4 0.561767578125 0.42822265625 0.01416015625 0.0126953125
36 0.594482421875 0.428466796875 0.01416015625 0.01318359375
