26 0.025390625 0.461181640625 0.0078125 0.01220703125
35 0.03369140625 0.46142578125 0.0087890625 0.0146484375
36 0.405517578125 0.460693359375 0.01220703125 0.01220703125
1 0.452880859375 0.45849609375 0.01220703125 0.0107421875
26 0.544677734375 0.458251953125 0.00927734375 0.00830078125
35 0.55615234375 0.4580078125 0.01171875 0.0126953125
36 0.884521484375 0.42041015625 0.01416015625 0.0185546875
1 0.93408203125 0.407470703125 0.0166015625 0.02001953125
7 0.179931640625 0.494140625 0.00732421875 0.0068359375
7 0.686279296875 0.480224609375 0.00830078125 0.01025390625
