36 0.25439453125 0.42236328125 0.0166015625 0.01953125
2 0.36376953125 0.418701171875 0.01953125 0.01904296875
1 0.61865234375 0.415771484375 0.01953125 0.02099609375
0 0.707275390625 0.42041015625 0.02099609375 0.0205078125
13 0.6611328125 0.452880859375 0.0166015625 0.01611328125
37 0.660888671875 0.475341796875 0.01708984375 0.01513671875
37 0.659912109375 0.49658203125 0.01611328125 0.015625
31 0.555419921875 0.45556640625 0.01025390625 0.009765625
9 0.56689453125 0.45556640625 0.0087890625 0.009765625
35 0.5771484375 0.45556640625 0.009765625 0.009765625
