8 0.302978515625 0.41796875 0.02880859375 0.0283203125
9 0.30224609375 0.46240234375 0.0263671875 0.0283203125
13 0.360107421875 0.312255859375 0.02978515625 0.02783203125
15 0.40234375 0.309814453125 0.0322265625 0.02978515625
37 0.44677734375 0.30859375 0.0341796875 0.0283203125
37 0.491943359375 0.307861328125 0.03173828125 0.02880859375
14 0.537109375 0.307861328125 0.03515625 0.02880859375
35 0.535888671875 0.334228515625 0.02490234375 0.02294921875
31 0.49072265625 0.334716796875 0.025390625 0.02294921875
36 0.8505859375 0.515869140625 0.0068359375 0.00634765625
