36 0.037109375 0.353515625 0.0283203125 0.0341796875
2 0.179931640625 0.325927734375 0.04150390625 0.03857421875
1 0.685302734375 0.38232421875 0.02978515625 0.02734375
0 0.778564453125 0.38671875 0.02685546875 0.0302734375
13 0.717529296875 0.4345703125 0.02197265625 0.0224609375
37 0.7177734375 0.466064453125 0.0234375 0.02294921875
37 0.717041015625 0.496826171875 0.02392578125 0.02099609375
29 0.574951171875 0.42626953125 0.01611328125 0.0166015625
9 0.592529296875 0.4267578125 0.01611328125 0.017578125
35 0.611328125 0.42578125 0.015625 0.0166015625
