18 0.21826171875 0.4501953125 0.03515625 0.0341796875
2 0.22216796875 0.4931640625 0.01953125 0.0390625
13 0.164794921875 0.370849609375 0.01611328125 0.03076171875
37 0.181396484375 0.374267578125 0.01708984375 0.02783203125
19 0.219970703125 0.38916015625 0.01318359375 0.0244140625
1 0.23291015625 0.394287109375 0.0126953125 0.02587890625
1 0.911376953125 0.484619140625 0.00927734375 0.01025390625
0 0.92822265625 0.50048828125 0.0068359375 0.0078125
28 0.8916015625 0.496337890625 0.0078125 0.00830078125
35 0.891357421875 0.505126953125 0.00732421875 0.00732421875
