13 0.73583984375 0.40576171875 0.0126953125 0.0126953125
15 0.747802734375 0.406494140625 0.01025390625 0.01123046875
13 0.770263671875 0.408203125 0.01123046875 0.01171875
23 0.73583984375 0.4189453125 0.0107421875 0.01171875
3 0.748291015625 0.420166015625 0.01123046875 0.01123046875
5 0.7822265625 0.422119140625 0.009765625 0.01123046875
5 0.812744140625 0.42431640625 0.00830078125 0.01171875
31 0.833251953125 0.4248046875 0.01025390625 0.01171875
4 0.8447265625 0.426513671875 0.009765625 0.01220703125
36 0.86767578125 0.427978515625 0.0107421875 0.01123046875
